5 44 19 84 88 
65 46 53 22 24 
67 36 74 51 54 
35 11 45 52 85 
44 15 16 57 28 
33 45 78 29 30 
64 34 6 76 13 
66 72 42 52 84 
2 40 81 83 59 
78 47 52 89 57 
1 38 49 52 62 
73 76 16 59 62 
15 55 26 27 28 
2 3 37 77 26 
3 8 41 11 20 
68 71 77 24 89 
3 35 6 73 43 
69 39 42 14 31 
34 37 70 17 55 
42 47 50 23 61 
32 33 5 48 20 
65 39 73 18 31 
1 2 37 72 75 
33 75 84 87 63 
35 44 18 89 62 
65 72 86 54 31 
72 74 53 86 22 
2 72 46 88 30 
68 6 75 23 60 
67 79 15 56 60 
39 72 41 21 63 
34 74 48 49 62 
33 2 82 24 89 
32 37 9 84 27 
5 39 75 23 55 
33 55 56 26 30 
65 5 7 79 53 
36 10 84 24 57 
71 9 11 45 82 
64 68 13 81 59 
33 7 76 21 86 
32 4 8 52 28 
65 66 74 12 51 
10 14 20 54 89 
74 15 49 88 29 
1 6 80 27 62 
34 39 76 47 51 
37 71 49 55 57 
68 5 39 50 89 
64 32 7 14 89 
64 70 7 17 54 
4 45 20 85 88 
74 76 44 80 30 
65 4 73 85 22 
33 42 16 17 56 
2 67 68 14 58 
72 16 82 88 25 
46 47 80 86 31 
2 75 77 15 47 
65 40 8 45 62 
66 36 86 89 57 
77 80 17 16 53 
11 76 57 90 62 
1 21 53 54 25 
9 46 22 87 60 
70 72 79 87 27 
41 19 25 61 57 
2 76 48 87 88 
7 86 24 90 88 
4 11 83 86 30 
64 77 85 89 28 
35 38 73 49 22 
45 52 21 60 29 
78 47 80 21 26 
41 14 49 51 85 
75 76 84 30 31 
4 42 43 77 88 
3 72 73 80 81 
12 18 21 62 31 
38 76 22 24 89 
3 40 41 10 47 
38 9 45 83 54 
4 5 41 76 30 
32 66 38 76 78 
8 13 20 21 54 
35 38 10 57 31 
4 37 69 82 52 
33 2 21 61 63 
16 84 55 62 31 
3 41 10 44 48 
6 42 20 55 30 
70 12 44 19 54 
69 70 7 45 55 
70 75 12 13 27 
2 45 86 59 61 
41 20 86 88 58 
1 11 48 16 60 
8 16 83 90 27 
46 49 83 24 58 
2 66 79 28 29 
35 8 42 18 86 
34 43 14 53 31 
35 8 78 21 60 
3 74 79 22 54 
67 36 77 53 89 
73 74 79 17 52 
32 6 44 78 86 
2 75 14 20 87 
33 36 78 27 63 
3 81 89 28 29 
5 46 78 17 21 
35 70 9 15 20 
1 36 68 74 56 
2 6 7 42 82 
79 22 87 24 89 
65 68 5 49 31 
64 67 6 55 88 
38 11 45 61 62 
64 33 72 79 82 
32 47 19 84 31 
64 1 2 66 56 
71 40 21 22 31 
65 79 80 50 31 
36 81 86 22 60 
38 71 41 12 15 
71 15 80 47 61 
36 6 77 51 20 
4 77 83 61 63 
38 16 53 24 88 
34 22 57 60 61 
34 46 84 53 30 
72 41 73 76 57 
67 9 22 89 25 
71 8 7 46 16 
33 36 19 55 61 
37 71 39 42 11 
70 73 44 17 31 
6 19 86 24 25 
66 70 10 76 22 
65 3 74 24 30 
65 68 74 54 56 
34 72 75 44 13 
67 14 17 82 51 
5 70 53 23 26 
69 46 78 18 27 
32 67 20 54 23 
66 70 8 60 30 
65 42 80 86 31 
1 67 40 58 62 
67 70 44 81 61 
40 76 15 88 60 
39 15 55 27 30 
5 14 53 85 31 
72 83 52 23 31 
68 69 71 9 13 
2 68 7 22 27 
5 9 46 16 21 
32 74 45 79 59 
67 43 13 47 48 
1 39 77 47 83 
7 8 75 77 20 
47 79 53 59 63 
6 72 86 62 63 
73 41 11 49 87 
4 79 82 51 23 
1 66 73 14 63 
4 72 19 88 63 
73 16 17 21 61 
5 79 16 24 27 
35 47 86 87 29 
73 74 24 89 27 
33 67 73 43 54 
5 43 12 15 57 
37 80 89 27 63 
35 6 81 27 63 
66 46 79 21 86 
69 75 56 58 63 
59 43 23 58 27 
3 43 49 25 30 
33 35 3 40 25 
64 14 16 19 27 
64 67 37 7 81 
34 68 16 29 61 
35 68 37 75 76 
72 12 14 15 21 
1 67 86 26 60 
1 73 79 51 24 
34 67 10 78 87 
5 88 24 58 59 
3 39 82 55 57 
1 66 10 11 21 
1 3 78 29 63 
77 47 16 84 88 
71 83 84 87 55 
70 77 88 58 59 
3 6 46 18 25 
65 35 7 12 31 
65 16 52 87 25 
34 80 49 18 20 
65 2 35 19 26 
73 47 55 26 27 
68 72 8 11 81 
6 72 74 54 30 
64 38 73 75 24 
6 72 77 47 28 
4 74 90 60 62 
36 78 17 61 30 
35 9 54 86 90 
38 47 80 79 59 
67 38 51 86 55 
32 36 8 77 89 
70 7 12 79 61 
75 46 79 16 22 
6 12 16 90 61 
34 70 44 78 61 
32 5 42 44 25 
74 13 83 19 54 
65 1 82 21 22 
44 17 22 29 30 
1 51 53 55 58 
1 67 75 52 23 
70 6 73 53 31 
3 39 73 49 60 
32 1 3 16 27 
3 68 4 8 22 
64 66 73 59 63 
7 40 56 25 90 
15 85 60 61 62 
14 16 51 85 30 
74 81 20 88 58 
1 4 41 86 88 
76 12 13 84 87 
4 76 85 89 63 
4 72 46 84 61 
12 13 87 59 62 
68 8 72 43 20 
6 7 70 39 50 
5 69 40 86 24 
36 46 49 20 54 
58 6 20 52 90 
33 70 41 14 47 
4 71 42 20 59 
64 68 44 45 54 
8 11 46 78 16 
53 86 57 90 31 
64 34 40 78 54 
66 9 46 83 24 
3 10 14 19 30 
66 3 49 61 31 
33 34 16 86 55 
64 2 44 82 85 
65 66 37 6 41 
4 9 76 29 62 
65 46 48 20 89 
1 34 18 87 23 
3 5 76 46 14 
38 70 73 44 23 
70 38 10 52 23 
33 5 70 39 22 
1 68 5 76 25 
3 38 80 49 54 
1 33 19 23 57 
36 45 46 50 83 
32 79 81 20 22 
67 42 12 84 89 
47 16 19 55 29 
10 48 18 55 23 
70 74 44 49 52 
40 53 23 60 62 
1 33 72 27 31 
68 70 48 83 56 
67 10 42 44 78 
10 75 77 61 31 
6 41 13 55 63 
43 54 22 90 28 
46 24 25 90 62 
45 78 15 79 53 
1 12 45 15 63 
71 80 17 52 53 
33 38 41 21 57 
40 75 76 81 53 
10 79 22 55 61 
37 41 44 49 88 
33 70 25 31 57 
43 77 52 24 90 
68 38 82 22 58 
32 33 75 19 84 
42 12 77 49 89 
72 9 11 49 83 
5 16 55 56 30 
64 34 12 52 61 
33 70 71 25 61 
65 6 45 56 24 
64 33 15 51 57 
42 16 85 56 27 
68 4 77 15 84 
69 71 48 16 83 
42 77 54 26 29 
34 40 73 80 60 
66 5 72 81 22 
7 10 46 18 28 
68 13 46 80 17 
64 1 16 48 18 
39 45 81 18 23 
36 37 44 76 81 
64 33 72 45 83 
65 42 80 85 30 
40 17 49 27 28 
33 3 75 82 60 
69 41 77 86 57 
37 72 8 84 30 
9 12 14 80 16 
40 14 53 61 62 
34 74 75 54 56 
41 15 47 52 23 
66 37 42 12 90 
72 10 47 17 23 
32 43 29 25 61 
71 9 12 86 27 
2 45 81 21 61 
1 6 12 19 53 
68 69 38 43 24 
74 76 78 48 53 
64 4 51 84 27 
14 48 49 53 25 
7 12 84 22 59 
3 69 38 41 45 
76 48 81 51 63 
40 11 12 52 53 
65 45 16 48 56 
10 45 49 52 54 
68 72 17 60 61 
2 5 77 87 89 
39 50 82 84 21 
73 84 90 27 61 
32 8 51 20 86 
32 65 81 87 61 
67 68 36 79 29 
65 5 12 49 85 
64 65 73 61 31 
37 22 87 90 27 
64 73 42 80 21 
3 83 20 56 31 
75 14 50 20 55 
5 74 49 56 29 
69 75 51 30 31 
70 39 72 42 77 
36 69 14 19 24 
76 16 89 26 59 
69 74 11 47 79 
66 73 45 47 49 
8 43 55 23 60 
32 41 89 90 28 
32 47 18 21 87 
1 40 13 57 63 
8 43 22 89 57 
69 37 76 79 82 
6 74 88 89 26 
35 22 57 62 63 
7 39 73 74 82 
69 45 54 55 30 
36 71 82 53 57 
48 18 51 24 27 
7 41 22 58 63 
2 51 20 61 63 
64 75 84 87 55 
67 71 8 61 31 
70 73 11 48 19 
64 3 7 49 62 
71 77 50 23 56 
72 44 49 90 59 
4 71 15 55 60 
67 36 45 81 85 
76 77 14 83 53 
46 18 83 25 28 
4 70 39 9 16 
11 14 82 57 90 
39 46 81 84 89 
64 33 78 26 27 
65 6 84 23 29 
10 14 18 87 89 
2 71 20 25 58 
9 16 53 89 28 
71 48 18 20 25 
64 41 84 89 25 
33 77 79 18 90 
75 44 20 84 27 
1 35 4 37 53 
32 38 41 88 30 
35 41 44 46 49 
39 11 78 14 58 
12 47 55 56 90 
41 46 82 83 59 
64 3 14 25 59 
66 75 53 25 62 
3 5 78 23 88 
34 14 15 79 54 
66 3 81 50 83 
64 72 9 45 28 
1 7 46 56 31 
